[download11 (2).jpg]
filters=dir_tint=1,0.997222,1.000000,0.631579,0.549708,ffffffff,0;dir_tint=1,0.961111,0.989583,0.250000,0.654971,ffffffff,0;warm=1;warm=1;warm=1;dir_tint=1,1.004167,0.993750,0.250000,0.250000,ffffffff,0;warm=1;dir_tint=1,0.959722,0.945833,0.250000,0.590643,ffffffff,0;
moddate=36ef8cd35590d101
width=720
height=480
text=1;250;127;When I hear somebody sigh,&#010;        &#010;          “Life is Hard”&#010;&#010;I'm always Tempted to Ask,&#010;     &#010;     “Compared to what?”;Batang;0.058166,0.135376,0.100222,6.283185;v1,4294967295,4293454056,128.000000,1.000000,0.084112,1.000000,400,0,49152;;
textactive=1
